{
 "cells": [
  {
   "cell_type": "code",
   "execution_count": 2,
   "metadata": {
    "collapsed": true
   },
   "outputs": [],
   "source": [
    "import numpy as np"
   ]
  },
  {
   "cell_type": "code",
   "execution_count": 2,
   "metadata": {
    "collapsed": false
   },
   "outputs": [
    {
     "data": {
      "text/plain": [
       "array([0, 1, 2, 3, 4])"
      ]
     },
     "execution_count": 2,
     "metadata": {},
     "output_type": "execute_result"
    }
   ],
   "source": [
    "np.arange(5)"
   ]
  },
  {
   "cell_type": "code",
   "execution_count": 3,
   "metadata": {
    "collapsed": true
   },
   "outputs": [],
   "source": [
    "x = np.arange(9).reshape((3, 3))"
   ]
  },
  {
   "cell_type": "code",
   "execution_count": 6,
   "metadata": {
    "collapsed": false
   },
   "outputs": [
    {
     "data": {
      "text/plain": [
       "array([[  1,   2,   4],\n",
       "       [  8,  16,  32],\n",
       "       [ 64, 128, 256]], dtype=int32)"
      ]
     },
     "execution_count": 6,
     "metadata": {},
     "output_type": "execute_result"
    }
   ],
   "source": [
    "2 ** x"
   ]
  },
  {
   "cell_type": "code",
   "execution_count": 7,
   "metadata": {
    "collapsed": false
   },
   "outputs": [
    {
     "data": {
      "text/plain": [
       "array([[0, 1, 2],\n",
       "       [3, 4, 5],\n",
       "       [6, 7, 8]])"
      ]
     },
     "execution_count": 7,
     "metadata": {},
     "output_type": "execute_result"
    }
   ],
   "source": [
    "x"
   ]
  },
  {
   "cell_type": "code",
   "execution_count": 8,
   "metadata": {
    "collapsed": false
   },
   "outputs": [
    {
     "data": {
      "text/plain": [
       "array([ 9, 12, 15])"
      ]
     },
     "execution_count": 8,
     "metadata": {},
     "output_type": "execute_result"
    }
   ],
   "source": [
    "np.add.reduce(x)"
   ]
  },
  {
   "cell_type": "code",
   "execution_count": 3,
   "metadata": {
    "collapsed": false
   },
   "outputs": [
    {
     "name": "stdout",
     "output_type": "stream",
     "text": [
      "[ 0. 10. 20. 30. 40.]\n"
     ]
    }
   ],
   "source": [
    "x = np.arange(5)\n",
    "y = np.empty(5)\n",
    "np.multiply(x, 10, out=y)\n",
    "print(y)"
   ]
  },
  {
   "cell_type": "code",
   "execution_count": 4,
   "metadata": {
    "collapsed": true
   },
   "outputs": [],
   "source": [
    "y = np.zeros(10)"
   ]
  },
  {
   "cell_type": "code",
   "execution_count": 5,
   "metadata": {
    "collapsed": false
   },
   "outputs": [
    {
     "data": {
      "text/plain": [
       "array([0., 0., 0., 0., 0., 0., 0., 0., 0., 0.])"
      ]
     },
     "execution_count": 5,
     "metadata": {},
     "output_type": "execute_result"
    }
   ],
   "source": [
    "y"
   ]
  },
  {
   "cell_type": "code",
   "execution_count": 6,
   "metadata": {
    "collapsed": false
   },
   "outputs": [
    {
     "data": {
      "text/plain": [
       "array([ 1.,  2.,  4.,  8., 16.])"
      ]
     },
     "execution_count": 6,
     "metadata": {},
     "output_type": "execute_result"
    }
   ],
   "source": [
    "np.power(2, x, out=y[::2])"
   ]
  },
  {
   "cell_type": "code",
   "execution_count": 7,
   "metadata": {
    "collapsed": false
   },
   "outputs": [
    {
     "data": {
      "text/plain": [
       "array([ 1.,  0.,  2.,  0.,  4.,  0.,  8.,  0., 16.,  0.])"
      ]
     },
     "execution_count": 7,
     "metadata": {},
     "output_type": "execute_result"
    }
   ],
   "source": [
    "y"
   ]
  },
  {
   "cell_type": "code",
   "execution_count": 50,
   "metadata": {
    "collapsed": false
   },
   "outputs": [],
   "source": [
    "y = np.arange(1,20)"
   ]
  },
  {
   "cell_type": "code",
   "execution_count": 51,
   "metadata": {
    "collapsed": false
   },
   "outputs": [
    {
     "data": {
      "text/plain": [
       "1"
      ]
     },
     "execution_count": 51,
     "metadata": {},
     "output_type": "execute_result"
    }
   ],
   "source": [
    "y[0]"
   ]
  },
  {
   "cell_type": "code",
   "execution_count": 53,
   "metadata": {
    "collapsed": false
   },
   "outputs": [
    {
     "data": {
      "text/plain": [
       "array([         1,          2,          6,         24,        120,\n",
       "              720,       5040,      40320,     362880,    3628800,\n",
       "         39916800,  479001600, 1932053504, 1278945280, 2004310016,\n",
       "       2004189184, -288522240, -898433024,  109641728], dtype=int32)"
      ]
     },
     "execution_count": 53,
     "metadata": {},
     "output_type": "execute_result"
    }
   ],
   "source": [
    "np.multiply.accumulate(y)"
   ]
  },
  {
   "cell_type": "code",
   "execution_count": 12,
   "metadata": {
    "collapsed": false
   },
   "outputs": [
    {
     "data": {
      "text/plain": [
       "range(1, 10, 2)"
      ]
     },
     "execution_count": 12,
     "metadata": {},
     "output_type": "execute_result"
    }
   ],
   "source": [
    "y[1:10:2]"
   ]
  },
  {
   "cell_type": "code",
   "execution_count": 14,
   "metadata": {
    "collapsed": false
   },
   "outputs": [
    {
     "data": {
      "text/plain": [
       "range(100, 10)"
      ]
     },
     "execution_count": 14,
     "metadata": {},
     "output_type": "execute_result"
    }
   ],
   "source": [
    "y[100:10]"
   ]
  },
  {
   "cell_type": "code",
   "execution_count": 15,
   "metadata": {
    "collapsed": false
   },
   "outputs": [
    {
     "name": "stdout",
     "output_type": "stream",
     "text": [
      "range(0, 1000)\n"
     ]
    }
   ],
   "source": [
    "print(y)"
   ]
  },
  {
   "cell_type": "code",
   "execution_count": 16,
   "metadata": {
    "collapsed": false
   },
   "outputs": [
    {
     "data": {
      "text/plain": [
       "range(0, 1000, 2)"
      ]
     },
     "execution_count": 16,
     "metadata": {},
     "output_type": "execute_result"
    }
   ],
   "source": [
    "y[::2]"
   ]
  },
  {
   "cell_type": "code",
   "execution_count": 54,
   "metadata": {
    "collapsed": false
   },
   "outputs": [],
   "source": [
    "a = np.arange(3)\n",
    "b = np.arange(3)[:, np.newaxis]"
   ]
  },
  {
   "cell_type": "code",
   "execution_count": 55,
   "metadata": {
    "collapsed": false
   },
   "outputs": [
    {
     "data": {
      "text/plain": [
       "array([[0],\n",
       "       [1],\n",
       "       [2]])"
      ]
     },
     "execution_count": 55,
     "metadata": {},
     "output_type": "execute_result"
    }
   ],
   "source": [
    "b"
   ]
  },
  {
   "cell_type": "code",
   "execution_count": 56,
   "metadata": {
    "collapsed": false
   },
   "outputs": [
    {
     "data": {
      "text/plain": [
       "array([[0, 1, 2],\n",
       "       [1, 2, 3],\n",
       "       [2, 3, 4]])"
      ]
     },
     "execution_count": 56,
     "metadata": {},
     "output_type": "execute_result"
    }
   ],
   "source": [
    "a+b"
   ]
  },
  {
   "cell_type": "code",
   "execution_count": 57,
   "metadata": {
    "collapsed": true
   },
   "outputs": [],
   "source": [
    "a = np.array([2,3,4])"
   ]
  },
  {
   "cell_type": "code",
   "execution_count": 58,
   "metadata": {
    "collapsed": false
   },
   "outputs": [
    {
     "data": {
      "text/plain": [
       "array([[2, 3, 4],\n",
       "       [3, 4, 5],\n",
       "       [4, 5, 6]])"
      ]
     },
     "execution_count": 58,
     "metadata": {},
     "output_type": "execute_result"
    }
   ],
   "source": [
    "a+b"
   ]
  },
  {
   "cell_type": "code",
   "execution_count": 67,
   "metadata": {
    "collapsed": false
   },
   "outputs": [],
   "source": [
    "a = np.ones((3,2))\n",
    "b = np.arange(3)"
   ]
  },
  {
   "cell_type": "code",
   "execution_count": 62,
   "metadata": {
    "collapsed": false
   },
   "outputs": [
    {
     "data": {
      "text/plain": [
       "array([[0],\n",
       "       [1],\n",
       "       [2]])"
      ]
     },
     "execution_count": 62,
     "metadata": {},
     "output_type": "execute_result"
    }
   ],
   "source": [
    "a"
   ]
  },
  {
   "cell_type": "code",
   "execution_count": 63,
   "metadata": {
    "collapsed": false
   },
   "outputs": [
    {
     "data": {
      "text/plain": [
       "array([0, 1, 2])"
      ]
     },
     "execution_count": 63,
     "metadata": {},
     "output_type": "execute_result"
    }
   ],
   "source": [
    "b"
   ]
  },
  {
   "cell_type": "code",
   "execution_count": 68,
   "metadata": {
    "collapsed": false
   },
   "outputs": [
    {
     "ename": "ValueError",
     "evalue": "operands could not be broadcast together with shapes (3,2) (3,) ",
     "output_type": "error",
     "traceback": [
      "\u001b[0;31m---------------------------------------------------------------------------\u001b[0m",
      "\u001b[0;31mValueError\u001b[0m                                Traceback (most recent call last)",
      "\u001b[0;32m<ipython-input-68-f1d53b280433>\u001b[0m in \u001b[0;36m<module>\u001b[0;34m()\u001b[0m\n\u001b[0;32m----> 1\u001b[0;31m \u001b[0ma\u001b[0m\u001b[1;33m+\u001b[0m\u001b[0mb\u001b[0m\u001b[1;33m\u001b[0m\u001b[0m\n\u001b[0m",
      "\u001b[0;31mValueError\u001b[0m: operands could not be broadcast together with shapes (3,2) (3,) "
     ]
    }
   ],
   "source": [
    "a+b"
   ]
  },
  {
   "cell_type": "code",
   "execution_count": 70,
   "metadata": {
    "collapsed": false
   },
   "outputs": [
    {
     "ename": "NameError",
     "evalue": "name 'pd' is not defined",
     "output_type": "error",
     "traceback": [
      "\u001b[0;31m---------------------------------------------------------------------------\u001b[0m",
      "\u001b[0;31mNameError\u001b[0m                                 Traceback (most recent call last)",
      "\u001b[0;32m<ipython-input-70-aed65bf7019d>\u001b[0m in \u001b[0;36m<module>\u001b[0;34m()\u001b[0m\n\u001b[0;32m----> 1\u001b[0;31m \u001b[0mrainfall\u001b[0m \u001b[1;33m=\u001b[0m \u001b[0mpd\u001b[0m\u001b[1;33m.\u001b[0m\u001b[0mread_csv\u001b[0m\u001b[1;33m(\u001b[0m\u001b[1;34m'Seattle2014.csv'\u001b[0m\u001b[1;33m)\u001b[0m\u001b[1;33m[\u001b[0m\u001b[1;34m'PRCP'\u001b[0m\u001b[1;33m]\u001b[0m\u001b[1;33m.\u001b[0m\u001b[0mvalues\u001b[0m\u001b[1;33m\u001b[0m\u001b[0m\n\u001b[0m",
      "\u001b[0;31mNameError\u001b[0m: name 'pd' is not defined"
     ]
    }
   ],
   "source": [
    "rainfall = pd.read_csv('Seattle2014.csv')['PRCP'].values"
   ]
  },
  {
   "cell_type": "code",
   "execution_count": 71,
   "metadata": {
    "collapsed": true
   },
   "outputs": [],
   "source": [
    "np.random.seed(42)\n",
    "x = np.random.randn(100)"
   ]
  },
  {
   "cell_type": "code",
   "execution_count": 72,
   "metadata": {
    "collapsed": false
   },
   "outputs": [
    {
     "data": {
      "text/plain": [
       "array([ 0.49671415, -0.1382643 ,  0.64768854,  1.52302986, -0.23415337,\n",
       "       -0.23413696,  1.57921282,  0.76743473, -0.46947439,  0.54256004,\n",
       "       -0.46341769, -0.46572975,  0.24196227, -1.91328024, -1.72491783,\n",
       "       -0.56228753, -1.01283112,  0.31424733, -0.90802408, -1.4123037 ,\n",
       "        1.46564877, -0.2257763 ,  0.0675282 , -1.42474819, -0.54438272,\n",
       "        0.11092259, -1.15099358,  0.37569802, -0.60063869, -0.29169375,\n",
       "       -0.60170661,  1.85227818, -0.01349722, -1.05771093,  0.82254491,\n",
       "       -1.22084365,  0.2088636 , -1.95967012, -1.32818605,  0.19686124,\n",
       "        0.73846658,  0.17136828, -0.11564828, -0.3011037 , -1.47852199,\n",
       "       -0.71984421, -0.46063877,  1.05712223,  0.34361829, -1.76304016,\n",
       "        0.32408397, -0.38508228, -0.676922  ,  0.61167629,  1.03099952,\n",
       "        0.93128012, -0.83921752, -0.30921238,  0.33126343,  0.97554513,\n",
       "       -0.47917424, -0.18565898, -1.10633497, -1.19620662,  0.81252582,\n",
       "        1.35624003, -0.07201012,  1.0035329 ,  0.36163603, -0.64511975,\n",
       "        0.36139561,  1.53803657, -0.03582604,  1.56464366, -2.6197451 ,\n",
       "        0.8219025 ,  0.08704707, -0.29900735,  0.09176078, -1.98756891,\n",
       "       -0.21967189,  0.35711257,  1.47789404, -0.51827022, -0.8084936 ,\n",
       "       -0.50175704,  0.91540212,  0.32875111, -0.5297602 ,  0.51326743,\n",
       "        0.09707755,  0.96864499, -0.70205309, -0.32766215, -0.39210815,\n",
       "       -1.46351495,  0.29612028,  0.26105527,  0.00511346, -0.23458713])"
      ]
     },
     "execution_count": 72,
     "metadata": {},
     "output_type": "execute_result"
    }
   ],
   "source": [
    "x"
   ]
  },
  {
   "cell_type": "code",
   "execution_count": 75,
   "metadata": {
    "collapsed": true
   },
   "outputs": [],
   "source": [
    "bins = np.linspace(-5, 5, 20)"
   ]
  },
  {
   "cell_type": "code",
   "execution_count": 76,
   "metadata": {
    "collapsed": false
   },
   "outputs": [
    {
     "data": {
      "text/plain": [
       "array([-5.        , -4.47368421, -3.94736842, -3.42105263, -2.89473684,\n",
       "       -2.36842105, -1.84210526, -1.31578947, -0.78947368, -0.26315789,\n",
       "        0.26315789,  0.78947368,  1.31578947,  1.84210526,  2.36842105,\n",
       "        2.89473684,  3.42105263,  3.94736842,  4.47368421,  5.        ])"
      ]
     },
     "execution_count": 76,
     "metadata": {},
     "output_type": "execute_result"
    }
   ],
   "source": [
    "bins"
   ]
  },
  {
   "cell_type": "code",
   "execution_count": 77,
   "metadata": {
    "collapsed": true
   },
   "outputs": [],
   "source": [
    "counts = np.zeros_like(bins)"
   ]
  },
  {
   "cell_type": "code",
   "execution_count": 78,
   "metadata": {
    "collapsed": false
   },
   "outputs": [
    {
     "data": {
      "text/plain": [
       "array([0., 0., 0., 0., 0., 0., 0., 0., 0., 0., 0., 0., 0., 0., 0., 0., 0.,\n",
       "       0., 0., 0.])"
      ]
     },
     "execution_count": 78,
     "metadata": {},
     "output_type": "execute_result"
    }
   ],
   "source": [
    "counts"
   ]
  },
  {
   "cell_type": "code",
   "execution_count": 79,
   "metadata": {
    "collapsed": true
   },
   "outputs": [],
   "source": [
    "i = np.searchsorted(bins, x)"
   ]
  },
  {
   "cell_type": "code",
   "execution_count": 80,
   "metadata": {
    "collapsed": false
   },
   "outputs": [
    {
     "data": {
      "text/plain": [
       "array([ 7,  9,  9,  8, 10, 11, 14, 10, 10, 10,  6, 10, 10, 15, 10, 11, 10,\n",
       "        8, 12, 11, 12,  8, 13,  7, 11, 14,  8,  9, 10,  9,  7, 10,  8, 11,\n",
       "        8, 13,  9,  9, 12,  8, 10, 12,  7, 10, 10, 11,  8,  7, 11, 11, 10,\n",
       "       11,  9, 10, 11,  9, 14, 11,  8, 11,  8, 11, 12,  8, 12, 11, 12, 14,\n",
       "       10,  9,  8,  8, 10, 11, 11, 12, 10, 13,  9, 15, 11,  8,  8, 11, 10,\n",
       "       11, 11, 10,  8,  7,  9, 12, 10,  8, 10, 11,  8, 10, 10,  8],\n",
       "      dtype=int64)"
      ]
     },
     "execution_count": 80,
     "metadata": {},
     "output_type": "execute_result"
    }
   ],
   "source": [
    "i"
   ]
  },
  {
   "cell_type": "code",
   "execution_count": 85,
   "metadata": {
    "collapsed": false
   },
   "outputs": [
    {
     "data": {
      "text/plain": [
       "0.5263157894736841"
      ]
     },
     "execution_count": 85,
     "metadata": {},
     "output_type": "execute_result"
    }
   ],
   "source": [
    "bins[4]-bins[3]"
   ]
  },
  {
   "cell_type": "code",
   "execution_count": 88,
   "metadata": {
    "collapsed": false
   },
   "outputs": [],
   "source": [
    "X = np.random.rand(10,2)"
   ]
  },
  {
   "cell_type": "code",
   "execution_count": 89,
   "metadata": {
    "collapsed": false
   },
   "outputs": [
    {
     "data": {
      "text/plain": [
       "array([[0.87737307, 0.74076862],\n",
       "       [0.69701574, 0.70248408],\n",
       "       [0.35949115, 0.29359184],\n",
       "       [0.80936116, 0.81011339],\n",
       "       [0.86707232, 0.91324055],\n",
       "       [0.5113424 , 0.50151629],\n",
       "       [0.79829518, 0.64996393],\n",
       "       [0.70196688, 0.79579267],\n",
       "       [0.89000534, 0.33799516],\n",
       "       [0.37558295, 0.09398194]])"
      ]
     },
     "execution_count": 89,
     "metadata": {},
     "output_type": "execute_result"
    }
   ],
   "source": [
    "X"
   ]
  },
  {
   "cell_type": "code",
   "execution_count": 90,
   "metadata": {
    "collapsed": true
   },
   "outputs": [],
   "source": [
    "import matplotlib.pyplot as plt\n",
    "%matplotlib inline"
   ]
  },
  {
   "cell_type": "code",
   "execution_count": 91,
   "metadata": {
    "collapsed": true
   },
   "outputs": [],
   "source": [
    "import seaborn;"
   ]
  },
  {
   "cell_type": "code",
   "execution_count": 92,
   "metadata": {
    "collapsed": true
   },
   "outputs": [],
   "source": [
    "seaborn.set()"
   ]
  },
  {
   "cell_type": "code",
   "execution_count": 93,
   "metadata": {
    "collapsed": false
   },
   "outputs": [
    {
     "data": {
      "text/plain": [
       "<matplotlib.collections.PathCollection at 0x1cf79056278>"
      ]
     },
     "execution_count": 93,
     "metadata": {},
     "output_type": "execute_result"
    },
    {
     "data": {
      "image/png": "iVBORw0KGgoAAAANSUhEUgAAAeEAAAFJCAYAAACsBZWNAAAABHNCSVQICAgIfAhkiAAAAAlwSFlz\nAAALEgAACxIB0t1+/AAAGORJREFUeJzt3X9MlYe9x/GP5wdHCBSUnciNWhIRSFG5FLcEb0N0yfhj\nliyhbsUatVlCzJJmf6xsWfaHhnXWkbk/tmxdsoYFuyZTt8a7KIldrq1NV6/spvgDAWWAzqteaRlF\nKhx+Hc9z/+iFW6Ce57TC+Z5zeL/+KpxH+OYb7NvnOYfzLHMcxxEAAIg7j/UAAAAsVUQYAAAjRBgA\nACNEGAAAI0QYAAAjRBgAACO+eH/DgYH78f6WJlasyNDQUMh6jITHntyxo9iwJ3fsyN1i7SgYzPrM\nz3MmvEh8Pq/1CEmBPbljR7FhT+7Ykbt474gIAwBghAgDAGCECAMAYIQIAwBghAgDAGCECAMAYIQI\nAwBghAgDAGCECAMAYIQIAwBghAgDAGCECAMAYCTud1ECAODz6rk9rNaufo2Nh5Ue8KliQ54K12Rb\nj/XIiDAAIGFNTD1QU0uX2vsGNRWOzHz+vSt3VVqQq7rqEgX8yXt3KC5HAwASVlNLl9q6B2YFWJKm\nwhG1dQ+oqaXLaLKFQYQBAAmp59Y9tfcNRj2mvW9QvXeG4zTRwiPCAICE1Hr1g3lnwHNNhSNq7eyP\n00QLjwgDABLS2Hg4puNCE7Edl4iIMAAgIaUvj+21wxmB5H2NMREGACSkiidWye+Lnim/z6OKDXlx\nmmjhEWEAQEIqXJuj0oLcqMeUFuRq/erk/X1hIgwASFh11SXaXBycd0bs93m0uTiouuoSo8kWRvJe\nSAcApLyA36sXajap986wWjv7FZoIKyPNp4qNeUl9BjyNCAMAEt761dkpEd25uBwNAIARIgwAgBEi\nDACAESIMAIARIgwAgBEiDACAESIMAIARIgwAgBEiDACAESIMAIARIgwAgBEiDACAESIMAIARIgwA\ngBEiDACAESIMAIARIgwAgBEiDACAESIMAIARIgwAgBEiDACAEZ/1AAAAOz23h9Xa1a+x8bDSAz5V\nbMhT4Zps67GWDCIMAEvQxNQDNbV0qb1vUFPhyMzn37tyV6UFuaqrLlHA7zWccGngcjQALEFNLV1q\n6x6YFWBJmgpH1NY9oKaWLqPJlhYiDABLTM+te2rvG4x6THvfoHrvDMdpoqWLy9EAkl7P7WG98dfr\n+mhojOc1Y9B69YN5Z8BzTYUjau3s1/rV7HExuUY4EomooaFB3d3dSktL08GDB5Wfnz/z+MmTJ9Xc\n3CyPx6MdO3Zo165dizowAEzjec0vZmw8HNNxoYnYjsMX53o5+syZM5qcnNTx48dVX1+vxsbGWY//\n7Gc/U3Nzs44eParm5mYND3P5AkB88LzmF5O+PLaLoBkBLpYuNtcIt7W1qbKyUpJUVlamjo6OWY8X\nFxfr/v37mpyclOM4WrZs2eJMCgCfwvOaX1zFE6vk90X/37/f51HFhrw4TbR0uf4zZ2RkRJmZmTMf\ne71ehcNh+Xyf/NHCwkLt2LFD6enpqqqq0mOPPRb1661YkSGfb2lcHgoGs6xHSArsyR07mu+Nv16P\n6XnNy9cHtaVsTZymSnzBYJaCwSx95cpd/Wf73Yce95WSVUt2b/H8++Ya4czMTI2Ojs58HIlEZgJ8\n7do1vfPOO3rrrbeUkZGhH/zgBzp9+rS+/vWvP/TrDQ2FFmDsxBcMZmlg4L71GAmPPbljR5/to6Gx\nmI4bvDfG/v7Pp3+W9lQVaWIiPO/5dL/Po9KCXO2pKlqSe1usv28PC7trhMvLy3X27Flt375dly5d\nUlFR0cxjWVlZWr58uQKBgLxer1auXKmPP/544aYGgIfgec1HE/B79ULNJvXeGVZrZ79CE2FlpPlU\nsTGPV0THketPZ1VVlc6dO6edO3fKcRwdOnRIp06dUigUUm1trWpra7Vr1y75/X49/vjjqqmpicfc\nAJa4iidW6b32u1EvSfO8prv1q7OJrqFljuM48fyGS+XyBpcQY8Oe3LGjh3vl36+orXvgoY9vLg7q\nhZpNcZwosfGz5C7el6N5xywASauuukSbi4PzXunr93m0uTiouuoSo8mA2PBkCYCk9ennNS9fH9Tg\nvTGe10RSIcIAkt761dnaUraGS61IOlyOBgDACBEGAMAIEQYAwAgRBgDACBEGAMAIEQYAwAi/ogQA\nSHo9t4fV2tWvsfGw0gM+VWzIU+GaxP9dcSIMAEhaE1MP1NTSNe9uUO9duavSglzVVZco4E/c2+dy\nORoAkLSaWrrU1j0w70YeU+GI2roH1NTSZTRZbIgwACAp9dy6p/a+wajHtPcNqvfOcJwm+vyIMAAg\nKbVe/SDqrSylT86IWzv74zTR50eEAQBJaWw8HNNxoYnYjrNAhAEASSl9eWyvLc4IJO5rkIkwACAp\nVTyxat69pOfy+zyq2JAXp4k+PyIMAEhKhWtzVFqQG/WY0oLchL63NBEGACStuuoSbS4Ozjsj9vs8\n2lwcVF11idFksUncC+UAALgI+L16oWaTeu8Mq7WzX6GJsDLSfKrYmJfQZ8DTiDAAIOmtX52dFNGd\niwgDSDqf9T7BwWCW9VjA50aEASSNaO8T/JX2/9GeqqKEfp9gYC5emAUgaUR7n+D/bL+b8O8TDMxF\nhAEkhVR4n2BgLiIMICmkwvsEA3MRYQBJIRXeJxiYiwgDSAqp8D7BwFxEGEBSSIX3CQbmIsIAkkIq\nvE8wMBcRBpA0or1P8L+V/kvCv08wMBdPngBIGtHeJ3hL2RoNDNy3HhH4XIgwgKSTrO8TDMzF5WgA\nAIwQYQAAjBBhAACMEGEAAIwQYQAAjPDqaABIYT23h9Xa1a+x8bBW5qTrX9flqnANryxPFEQYAFLQ\nxNQDNbV0qb1vcNbdp/7jv/5bpQW5qqsuUcDvNZwQEpejASAlNbV0qa17YN7tH6fCEbV1D6ippcto\nMnwaEQaAFNNz657a+wajHtPeN6jeO8NxmggPQ4QBIMW0Xv1g3hnwXFPhiFo7++M0ER6GCANAihkb\nD8d0XGgituOweIgwAKSY9OWxveY2I8Brc60RYQBIMRVPrJp3u8e5/D6PKjbkxWkiPAwRBoAUU7g2\nR6UFuVGPKS3I5U5UCYAIA0AKqqsu0ebi4LwzYr/Po83FQdVVlxhNhk/jCQEASEEBv1cv1GxS751h\ntXb2KzQRVm52uv6VM+CEQoQBIIWtX509E91gMEsDA/eNJ8KncTkaAAAjRBgAACNEGAAAI0QYAAAj\nRBgAACOur46ORCJqaGhQd3e30tLSdPDgQeXn58883t7ersbGRjmOo2AwqMOHDysQCCzq0AAApALX\nM+EzZ85ocnJSx48fV319vRobG2cecxxH+/fv109/+lMdPXpUlZWVunPnzqIODABAqnA9E25ra1Nl\nZaUkqaysTB0dHTOP3bhxQzk5OTpy5Ih6enq0detWrVu3bvGmBQAghbieCY+MjCgzM3PmY6/Xq3D4\nk9tfDQ0N6eLFi9q9e7eam5vV2tqq8+fPL960AACkENcz4czMTI2Ojs58HIlE5PN98sdycnKUn5+v\ngoICSVJlZaU6Ojq0ZcuWh369FSsy5PN5H3XupBAMZlmPkBTYkzt2FBv25I4duYvnjlwjXF5errNn\nz2r79u26dOmSioqKZh5bu3atRkdHdfPmTeXn5+v999/XN7/5zahfb2go9OhTJwHeHi427MkdO4oN\ne3LHjtwt1o4eFnbXCFdVVencuXPauXOnHMfRoUOHdOrUKYVCIdXW1urll19WfX29HMfRk08+qW3b\nti307AAApKRljuM48fyGS+VfYfyLMzbsyR07ig17cseO3MX7TJg36wAAwAgRBgDACBEGAMAIEQYA\nwAgRBgDACBEGAMAIEQYAwAgRBgDACBEGAMAIEQYAwAgRBgDACBEGAMAIEQYAwAgRBgDACBEGAMAI\nEQYAwAgRBgDACBEGAMAIEQYAwAgRBgDACBEGAMAIEQYAwIjPegDgs/TcHlZrV7/GxsNKD/hUsSFP\nhWuyrccCgAVFhJFQJqYeqKmlS+19g5oKR2Y+/96VuyotyFVddYkCfq/hhACwcLgcjYTS1NKltu6B\nWQGWpKlwRG3dA2pq6TKaDAAWHhFGwui5dU/tfYNRj2nvG1TvneE4TQQAi4sII2G0Xv1g3hnwXFPh\niFo7++M0EQAsLiKMhDE2Ho7puNBEbMcBQKIjwkgY6ctje51gRoDXEwJIDUQYCaPiiVXy+6L/SPp9\nHlVsyIvTRACwuIgwEkbh2hyVFuRGPaa0IFfrV/P7wgBSAxFGQqmrLtHm4uC8M2K/z6PNxUHVVZcY\nTQYAC48n15BQAn6vXqjZpN47w2rt7FdoIqyMNJ8qNuZxBgwg5RBhJKT1q7OJLoCUx+VoAACMEGEA\nAIwQYQAAjBBhAACMEGEAAIwQYQAAjBBhAACMEGEAAIwQYQAAjBBhAACMEGEAAIwQYQAAjBBhAACM\nEGEAAIwQYQAAjBBhAACMEGEAAIwQYQAAjBBhAACMEGEAAIwQYQAAjBBhAACMuEY4EonowIEDqq2t\n1Z49e3Tz5s3PPG7//v36+c9/vuADAgCQqlwjfObMGU1OTur48eOqr69XY2PjvGOOHTumv//974sy\nIAAAqco1wm1tbaqsrJQklZWVqaOjY9bjFy5c0OXLl1VbW7s4EwIAkKJ8bgeMjIwoMzNz5mOv16tw\nOCyfz6cPP/xQr7zyin7961/r9OnTMX3DFSsy5PN5v/jESSQYzLIeISmwJ3fsKDbsyR07chfPHblG\nODMzU6OjozMfRyIR+Xyf/LE333xTQ0ND2rdvnwYGBjQ+Pq5169bpmWeeeejXGxoKLcDYiS8YzNLA\nwH3rMRIee3LHjmLDntyxI3eLtaOHhd01wuXl5Tp79qy2b9+uS5cuqaioaOaxvXv3au/evZKkEydO\n6Pr161EDDAAA/p9rhKuqqnTu3Dnt3LlTjuPo0KFDOnXqlEKhEM8DAwDwCFwj7PF49NJLL836XEFB\nwbzjOAMGAODz4c06AAAwQoQBADBChAEAMEKEAQAwQoQBADBChAEAMEKEAQAwQoQBADBChAEAMEKE\nAQAw4vq2lQAApIKe28Nq7erX2HhY6QGfKjbkqXBNtulMRBgAkNImph6oqaVL7X2DmgpHZj7/3pW7\nKi3IVV11iQJ+m/vcczkaAJDSmlq61NY9MCvAkjQVjqite0BNLV1GkxFhAEAK67l1T+19g1GPae8b\nVO+d4ThNNBsRBgCkrNarH8w7A55rKhxRa2d/nCaajQgDAFLW2Hg4puNCE7Edt9CIMAAgZaUvj+31\nxxkBm9cpE2EAQMqqeGKV/L7oqfP7PKrYkBeniWYjwgCAlFW4NkelBblRjyktyNX61Ta/L0yEAQAp\nra66RJuLg/POiP0+jzYXB1VXXWI0GW/WAQBIcQG/Vy/UbFLvnWG1dvYrNBFWRppPFRvzzM6ApxFh\nAMCSsH51tnl05+JyNAAARogwAABGUvpydCLeMQMAgGkpGeFEvmMGAADTUvJydCLfMQMAgGkpF+FE\nv2MGAADTUi7CiX7HDAAApqVchBP9jhkAAExLuQgn+h0zAACYlnIRTvQ7ZgAAMC3lIpzod8wAAGBa\nykVYSuw7ZgAAMC0lnxhN5DtmAAAwLSUjPC0R75gBAMC0lLwcDQBAMiDCAAAYIcIAABghwgAAGCHC\nAAAYIcIAABghwgAAGCHCAAAYIcIAABghwgAAGCHCAAAYIcIAABghwgAAGCHCAAAYIcIAABghwgAA\nGCHCAAAYIcIAABghwgAAGCHCAAAY8bkdEIlE1NDQoO7ubqWlpengwYPKz8+febylpUWvvfaavF6v\nioqK1NDQII+HtgMA4Ma1lmfOnNHk5KSOHz+u+vp6NTY2zjw2Pj6uX/ziF/r973+vY8eOaWRkRGfP\nnl3UgQEASBWuEW5ra1NlZaUkqaysTB0dHTOPpaWl6dixY0pPT5ckhcNhBQKBRRoVAIDU4no5emRk\nRJmZmTMfe71ehcNh+Xw+eTwefelLX5Ikvf766wqFQnrqqaeifr0VKzLk83kfcezkEAxmWY+QFNiT\nO3YUG/bkjh25i+eOXCOcmZmp0dHRmY8jkYh8Pt+sjw8fPqwbN27oV7/6lZYtWxb16w0NhR5h3OQR\nDGZpYOC+9RgJjz25Y0exYU/u2JG7xdrRw8Luejm6vLxc7777riTp0qVLKioqmvX4gQMHNDExod/8\n5jczl6UBAIA71zPhqqoqnTt3Tjt37pTjODp06JBOnTqlUCikjRs36o033tCXv/xlPf/885KkvXv3\nqqqqatEHBwAg2blG2OPx6KWXXpr1uYKCgpn/vnbt2sJPBQDAEsAv9AIAYIQIAwBghAgDAGCECAMA\nYIQIAwBghAgDAGCECAMAYIQIAwBghAgDAGCECAMAYIQIAwBghAgDAGCECAMAYIQIAwBghAgDAGCE\nCAMAYIQIAwBghAgDAGCECAMAYIQIAwBghAgDAGCECAMAYIQIAwBghAgDAGDEZz1AIum5PazWrn6N\njYeVHvCpYkOeCtdkW48FAEhRRFjSxNQDNbV0qb1vUFPhyMzn37tyV6UFuaqrLlHA7zWcEACQirgc\nLamppUtt3QOzAixJU+GI2roH1NTSZTQZACCVLfkI99y6p/a+wajHtPcNqvfOcJwmAgAsFUs+wq1X\nP5h3BjzXVDii1s7+OE0EAFgqlnyEx8bDMR0XmojtOAAAYrXkI5y+PLbXpmUEeA0bAGBhLfkIVzyx\nSn5f9DX4fR5VbMiL00QAgKViyUe4cG2OSgtyox5TWpCr9av5fWEAwMJa8hGWpLrqEm0uDs47I/b7\nPNpcHFRddYnRZACAVMYTnZICfq9eqNmk3jvDau3sV2girIw0nyo25nEGDABYNET4U9avzia6AIC4\n4XI0AABGiDAAAEaIMAAARogwAABGiDAAAEaIMAAARogwAABGiDAAAEaIMAAARogwAABGiDAAAEaI\nMAAARpY5juNYDwEAwFLEmTAAAEaIMAAARogwAABGiDAAAEaIMAAARogwAABGfNYDJLtIJKKGhgZ1\nd3crLS1NBw8eVH5+/rzj9u/fr+zsbH3/+983mNKW246OHDmiP/3pT1q5cqUk6cc//rHWrVtnNa4Z\ntz21t7ersbFRjuMoGAzq8OHDCgQChhPHX7QdDQwM6MUXX5w59urVq6qvr9dzzz1nNa4Jt5+jkydP\nqrm5WR6PRzt27NCuXbsMp7Xjtqc///nP+t3vfqesrCzV1NToW9/61uIM4uCR/OUvf3F++MMfOo7j\nOBcvXnS+853vzDvm6NGjzrPPPuscPnw43uMlBLcd1dfXO1euXLEYLaFE21MkEnG+8Y1vOP/4xz8c\nx3GcP/7xj05fX5/JnJZi+fvmOI5z4cIFZ8+ePU44HI7neAnBbUdPPfWUMzQ05ExMTDhf+9rXnHv3\n7lmMaS7angYHB52vfvWrztDQkPPgwQNnz549zq1btxZlDi5HP6K2tjZVVlZKksrKytTR0THr8QsX\nLujy5cuqra21GC8huO2os7NTr776qp577jn99re/tRgxIUTb040bN5STk6MjR45o9+7dunfv3pK8\nWuD2syRJjuPoJz/5iRoaGuT1euM9ojm3HRUXF+v+/fuanJyU4zhatmyZxZjmou3p9u3bKi4uVk5O\njjwejzZt2qTLly8vyhxE+BGNjIwoMzNz5mOv16twOCxJ+vDDD/XKK6/owIEDVuMlhGg7kqSnn35a\nDQ0Neu2119TW1qazZ89ajGku2p6GhoZ08eJF7d69W83NzWptbdX58+etRjXj9rMkSW+//bYKCwuX\n5D9SJPcdFRYWaseOHXr66ae1bds2PfbYYxZjmou2p/z8fPX29uqf//ynxsbGdP78eYVCoUWZgwg/\noszMTI2Ojs58HIlE5PN98lT7m2++qaGhIe3bt0+vvvqqWlpadOLECatRzUTbkeM4ev7557Vy5Uql\npaVp69at6urqshrVVLQ95eTkKD8/XwUFBfL7/aqsrPzMs8BUF21H006ePKlnn3023qMljGg7unbt\nmt555x299dZbevvtt/XRRx/p9OnTVqOairan7Oxs/ehHP9J3v/tdvfjii9qwYYNWrFixKHMQ4UdU\nXl6ud999V5J06dIlFRUVzTy2d+9enThxQq+//rr27dun6upqPfPMM1ajmom2o5GREVVXV2t0dFSO\n4+hvf/ubNm7caDWqqWh7Wrt2rUZHR3Xz5k1J0vvvv6/CwkKTOS1F29G0jo4OlZeXx3u0hBFtR1lZ\nWVq+fLkCgYC8Xq9Wrlypjz/+2GpUU9H2FA6H1dXVpT/84Q/65S9/qevXry/azxSvjn5EVVVVOnfu\nnHbu3CnHcXTo0CGdOnVKoVBoST8P/GluO/re976nvXv3Ki0tTVu2bNHWrVutRzbhtqeXX35Z9fX1\nchxHTz75pLZt22Y9cty57eijjz5SZmbmkn2eU3LfUW1trXbt2iW/36/HH39cNTU11iObiOX/3TU1\nNQoEAvr2t78989sbC427KAEAYITL0QAAGCHCAAAYIcIAABghwgAAGCHCAAAYIcIAABghwgAAGCHC\nAAAY+V9FHh0TXel7dQAAAABJRU5ErkJggg==\n",
      "text/plain": [
       "<matplotlib.figure.Figure at 0x1cf78f8e390>"
      ]
     },
     "metadata": {},
     "output_type": "display_data"
    }
   ],
   "source": [
    "plt.scatter(X[:,0], X[:,1], s= 100)"
   ]
  },
  {
   "cell_type": "code",
   "execution_count": 104,
   "metadata": {
    "collapsed": false
   },
   "outputs": [
    {
     "data": {
      "text/plain": [
       "(1, 10, 2)"
      ]
     },
     "execution_count": 104,
     "metadata": {},
     "output_type": "execute_result"
    }
   ],
   "source": [
    "np.shape(X[np.newaxis,:,:])"
   ]
  },
  {
   "cell_type": "code",
   "execution_count": 99,
   "metadata": {
    "collapsed": false
   },
   "outputs": [],
   "source": [
    "dist_sq = np.sum((X[:, np.newaxis, :] -  X[np.newaxis,:,:]) ** 2, axis=-1)"
   ]
  },
  {
   "cell_type": "code",
   "execution_count": 107,
   "metadata": {
    "collapsed": false
   },
   "outputs": [
    {
     "name": "stdout",
     "output_type": "stream",
     "text": [
      "[[0.         0.03399447 0.46816875 0.00943432 0.02985267 0.19122013\n",
      "  0.0144988  0.03379498 0.16238604 0.67012633]\n",
      " [0.03399447 0.         0.28111571 0.02420556 0.07333753 0.07486264\n",
      "  0.01301589 0.00873101 0.17009716 0.4735939 ]\n",
      " [0.46816875 0.28111571 0.         0.46917753 0.64160316 0.06629138\n",
      "  0.31955004 0.36949529 0.28341696 0.04010306]\n",
      " [0.00943432 0.02420556 0.46917753 0.         0.01396579 0.18404735\n",
      "  0.02577031 0.01173861 0.22939912 0.70100779]\n",
      " [0.02985267 0.07333753 0.64160316 0.01396579 0.         0.29606064\n",
      "  0.07404487 0.04105381 0.33143319 0.91274647]\n",
      " [0.19122013 0.07486264 0.06629138 0.18404735 0.29606064 0.\n",
      "  0.1043786  0.12293628 0.17012479 0.18451488]\n",
      " [0.0144988  0.01301589 0.31955004 0.02577031 0.07404487 0.1043786\n",
      "  0.         0.03054516 0.10573527 0.4878016 ]\n",
      " [0.03379498 0.00873101 0.36949529 0.01173861 0.04105381 0.12293628\n",
      "  0.03054516 0.         0.24493703 0.59906477]\n",
      " [0.16238604 0.17009716 0.28341696 0.22939912 0.33143319 0.17012479\n",
      "  0.10573527 0.24493703 0.         0.32417284]\n",
      " [0.67012633 0.4735939  0.04010306 0.70100779 0.91274647 0.18451488\n",
      "  0.4878016  0.59906477 0.32417284 0.        ]]\n"
     ]
    }
   ],
   "source": [
    "np.p"
   ]
  },
  {
   "cell_type": "code",
   "execution_count": 111,
   "metadata": {
    "collapsed": false
   },
   "outputs": [],
   "source": [
    "nearest = np.sort(dist_sq, axis=1)"
   ]
  },
  {
   "cell_type": "code",
   "execution_count": 112,
   "metadata": {
    "collapsed": false
   },
   "outputs": [
    {
     "data": {
      "text/plain": [
       "array([[0.        , 0.00943432, 0.0144988 , 0.02985267, 0.03379498,\n",
       "        0.03399447, 0.16238604, 0.19122013, 0.46816875, 0.67012633],\n",
       "       [0.        , 0.00873101, 0.01301589, 0.02420556, 0.03399447,\n",
       "        0.07333753, 0.07486264, 0.17009716, 0.28111571, 0.4735939 ],\n",
       "       [0.        , 0.04010306, 0.06629138, 0.28111571, 0.28341696,\n",
       "        0.31955004, 0.36949529, 0.46816875, 0.46917753, 0.64160316],\n",
       "       [0.        , 0.00943432, 0.01173861, 0.01396579, 0.02420556,\n",
       "        0.02577031, 0.18404735, 0.22939912, 0.46917753, 0.70100779],\n",
       "       [0.        , 0.01396579, 0.02985267, 0.04105381, 0.07333753,\n",
       "        0.07404487, 0.29606064, 0.33143319, 0.64160316, 0.91274647],\n",
       "       [0.        , 0.06629138, 0.07486264, 0.1043786 , 0.12293628,\n",
       "        0.17012479, 0.18404735, 0.18451488, 0.19122013, 0.29606064],\n",
       "       [0.        , 0.01301589, 0.0144988 , 0.02577031, 0.03054516,\n",
       "        0.07404487, 0.1043786 , 0.10573527, 0.31955004, 0.4878016 ],\n",
       "       [0.        , 0.00873101, 0.01173861, 0.03054516, 0.03379498,\n",
       "        0.04105381, 0.12293628, 0.24493703, 0.36949529, 0.59906477],\n",
       "       [0.        , 0.10573527, 0.16238604, 0.17009716, 0.17012479,\n",
       "        0.22939912, 0.24493703, 0.28341696, 0.32417284, 0.33143319],\n",
       "       [0.        , 0.04010306, 0.18451488, 0.32417284, 0.4735939 ,\n",
       "        0.4878016 , 0.59906477, 0.67012633, 0.70100779, 0.91274647]])"
      ]
     },
     "execution_count": 112,
     "metadata": {},
     "output_type": "execute_result"
    }
   ],
   "source": [
    "nearest"
   ]
  },
  {
   "cell_type": "code",
   "execution_count": 113,
   "metadata": {
    "collapsed": false
   },
   "outputs": [
    {
     "data": {
      "text/plain": [
       "array([[0.87737307, 0.74076862],\n",
       "       [0.69701574, 0.70248408],\n",
       "       [0.35949115, 0.29359184],\n",
       "       [0.80936116, 0.81011339],\n",
       "       [0.86707232, 0.91324055],\n",
       "       [0.5113424 , 0.50151629],\n",
       "       [0.79829518, 0.64996393],\n",
       "       [0.70196688, 0.79579267],\n",
       "       [0.89000534, 0.33799516],\n",
       "       [0.37558295, 0.09398194]])"
      ]
     },
     "execution_count": 113,
     "metadata": {},
     "output_type": "execute_result"
    }
   ],
   "source": [
    "X"
   ]
  },
  {
   "cell_type": "code",
   "execution_count": 116,
   "metadata": {
    "collapsed": true
   },
   "outputs": [],
   "source": [
    "import pandas as pd"
   ]
  },
  {
   "cell_type": "code",
   "execution_count": 121,
   "metadata": {
    "collapsed": false
   },
   "outputs": [],
   "source": [
    "data = pd.Series([0.25, 0.5, 0.75, 1.0],index=['a', 'b', 'c', 'd'])"
   ]
  },
  {
   "cell_type": "code",
   "execution_count": 120,
   "metadata": {
    "collapsed": false
   },
   "outputs": [
    {
     "data": {
      "text/plain": [
       "0    0.25\n",
       "1    0.50\n",
       "2    0.75\n",
       "3    1.00\n",
       "dtype: float64"
      ]
     },
     "execution_count": 120,
     "metadata": {},
     "output_type": "execute_result"
    }
   ],
   "source": [
    "data"
   ]
  },
  {
   "cell_type": "code",
   "execution_count": 132,
   "metadata": {
    "collapsed": false
   },
   "outputs": [
    {
     "data": {
      "text/plain": [
       "a    0.25\n",
       "c    0.75\n",
       "dtype: float64"
      ]
     },
     "execution_count": 132,
     "metadata": {},
     "output_type": "execute_result"
    }
   ],
   "source": [
    "data[0::2]"
   ]
  },
  {
   "cell_type": "code",
   "execution_count": null,
   "metadata": {
    "collapsed": true
   },
   "outputs": [],
   "source": []
  }
 ],
 "metadata": {
  "kernelspec": {
   "display_name": "Python 3",
   "language": "python",
   "name": "python3"
  },
  "language_info": {
   "codemirror_mode": {
    "name": "ipython",
    "version": 3
   },
   "file_extension": ".py",
   "mimetype": "text/x-python",
   "name": "python",
   "nbconvert_exporter": "python",
   "pygments_lexer": "ipython3",
   "version": "3.6.0"
  }
 },
 "nbformat": 4,
 "nbformat_minor": 2
}
